1,MOCC1,50,3,0.801,0.125,0.006,0.067
2,OHES1,50,3,0.969,0.017,0.005,0.010
3,OHCQ1,50,3,0.610,0.015,0.358,0.016
4,COHA7,50,3,0.989,0.003,0.004,0.004
5,ARCC1,50,1,0.005,0.969,0.005,0.021
6,INCB1,50,3,0.958,0.005,0.030,0.007
7,INEM1,50,1,0.032,0.656,0.303,0.009
8,MSWD1,62,1,0.004,0.930,0.006,0.060
9,MSCS5,50,1,0.005,0.970,0.014,0.012
10,MSSM1,50,1,0.005,0.974,0.012,0.009
11,ALCC2,50,1,0.004,0.690,0.020,0.287
12,ILLG4,56,2,0.196,0.556,0.227,0.021
13,ALHR1,50,1,0.004,0.971,0.008,0.017
14,MOKC1,50,3,0.984,0.003,0.007,0.005
15,WB3,50,3,0.986,0.004,0.005,0.005
16,ALAC10,50,1,0.009,0.061,0.006,0.925
17,ILWB6,56,2,0.478,0.317,0.013,0.191
18,WB11,50,3,0.984,0.004,0.007,0.005
19,MOMA1,50,1,0.009,0.974,0.004,0.013
20,MSCS3,50,1,0.004,0.972,0.016,0.007
21,SCSF1,50,1,0.009,0.700,0.179,0.113
22,MOCC2,50,3,0.869,0.095,0.005,0.031
23,OHES2,50,3,0.979,0.006,0.009,0.006
24,TXFW11,50,1,0.031,0.932,0.005,0.032
25,ARGR5,50,1,0.006,0.828,0.020,0.147
26,OHCQ2,50,3,0.988,0.004,0.004,0.004
27,ARWR3,50,1,0.009,0.873,0.025,0.093
28,COHA8,50,3,0.987,0.004,0.004,0.006
29,ARCC6,56,1,0.005,0.981,0.004,0.009
30,INCB2,50,3,0.981,0.004,0.007,0.008
31,INEM4,50,1,0.018,0.956,0.005,0.021
32,MSWD2,50,1,0.008,0.161,0.024,0.807
33,MSCS6,50,1,0.004,0.971,0.007,0.018
34,MSSM2,50,1,0.003,0.980,0.005,0.012
35,VCN23,50,3,0.985,0.004,0.006,0.005
36,ALCC3,50,1,0.003,0.978,0.006,0.012
37,ILLG7,56,1,0.012,0.470,0.007,0.511
38,ALHR2,50,1,0.005,0.716,0.031,0.249
39,MOKC2,50,3,0.986,0.004,0.005,0.005
40,ILWB7,50,1,0.016,0.872,0.005,0.107
41,WB12,50,3,0.983,0.004,0.008,0.005
42,MOMA2,50,1,0.041,0.891,0.005,0.064
43,MSCS7,50,1,0.005,0.963,0.005,0.027
44,SCSF4,50,1,0.005,0.968,0.017,0.010
45,OHES3,56,3,0.985,0.004,0.006,0.005
46,ARGR9,50,1,0.011,0.120,0.005,0.864
47,COHA9,50,3,0.987,0.003,0.005,0.005
48,ARCC8,50,1,0.012,0.460,0.020,0.508
49,INCB3,50,3,0.851,0.015,0.042,0.092
50,INEM5,50,3,0.977,0.004,0.013,0.006
51,MSWD3,50,1,0.004,0.958,0.021,0.018
52,MSCS10,50,1,0.004,0.983,0.004,0.009
53,VCN16,50,3,0.982,0.004,0.007,0.006
54,ILWB15,56,2,0.326,0.656,0.008,0.009
55,MSSM4,50,1,0.006,0.976,0.005,0.014
56,VCN24,50,3,0.980,0.007,0.006,0.007
57,ALCC4,56,1,0.009,0.343,0.012,0.636
58,ILLG13,50,1,0.003,0.981,0.006,0.010
59,VCN32,56,3,0.977,0.008,0.006,0.010
60,ALHR4,62,1,0.014,0.010,0.009,0.967
61,MOKC3,62,3,0.979,0.006,0.008,0.008
62,WB5,50,3,0.984,0.004,0.006,0.005
63,MOGR6,56,3,0.845,0.100,0.012,0.043
64,ILLG11,50,1,0.026,0.881,0.034,0.059
65,MOMA3,50,2,0.097,0.096,0.680,0.127
66,MSCS8,50,1,0.007,0.970,0.009,0.014
67,SCSF6,56,1,0.004,0.964,0.014,0.017
68,OHES4,50,3,0.940,0.045,0.004,0.011
69,COHA2,50,3,0.987,0.003,0.005,0.005
70,COHA10,50,3,0.978,0.005,0.010,0.006
71,ARCC13,56,1,0.022,0.710,0.007,0.261
72,INCB4,50,3,0.988,0.003,0.004,0.004
73,INEM6,50,3,0.972,0.004,0.019,0.005
74,MSWD4,50,1,0.006,0.248,0.037,0.709
75,MSCS11,50,1,0.004,0.972,0.009,0.015
76,MSSM5,50,1,0.006,0.978,0.004,0.012
77,VCN25,50,3,0.986,0.004,0.005,0.005
78,ALCC6,50,1,0.026,0.908,0.006,0.060
79,ILLG14,56,1,0.012,0.887,0.012,0.088
80,Landsdale3A,50,3,0.969,0.011,0.009,0.011
81,ALHR5,56,1,0.004,0.982,0.005,0.009
82,MOKC4,50,3,0.984,0.004,0.006,0.006
83,MOMA4,50,3,0.799,0.119,0.024,0.058
84,MOMA5,50,2,0.575,0.317,0.020,0.089
85,SCCC4,50,1,0.004,0.942,0.017,0.036
86,SCSF8,50,1,0.006,0.962,0.012,0.019
87,OHES5,50,3,0.969,0.009,0.011,0.011
88,ARGR13,50,1,0.005,0.708,0.012,0.275
89,COHA3,50,3,0.985,0.004,0.007,0.005
90,ARWR8,50,1,0.005,0.467,0.015,0.514
91,COHA22,50,3,0.945,0.025,0.005,0.025
92,ARCC14,50,1,0.004,0.982,0.006,0.009
93,INEM7,50,3,0.658,0.251,0.005,0.086
94,MSCS13,50,1,0.004,0.922,0.060,0.015
95,ILWB22,50,1,0.193,0.667,0.118,0.022
96,MSSM6,50,1,0.004,0.943,0.007,0.046
97,ALCC7,56,1,0.010,0.909,0.023,0.057
98,ILLG15,50,1,0.008,0.964,0.004,0.024
99,Landsdale3B,50,3,0.968,0.011,0.008,0.013
100,VCN34,56,3,0.986,0.004,0.005,0.005
101,MOKC5,50,3,0.985,0.004,0.005,0.006
102,INEM14,50,2,0.365,0.550,0.067,0.018
103,ALAC18,50,1,0.005,0.061,0.032,0.903
104,MOGR10,50,3,0.980,0.007,0.006,0.008
105,MOMA20,50,2,0.353,0.229,0.109,0.308
106,MOMA8,50,1,0.006,0.938,0.011,0.045
107,SCSF9,50,1,0.007,0.945,0.006,0.043
108,OHES6,50,3,0.979,0.009,0.005,0.007
109,ARGR15,50,1,0.016,0.964,0.004,0.016
110,COHA4,50,3,0.971,0.005,0.015,0.009
111,ARWR12,50,1,0.026,0.926,0.019,0.029
112,ARCC15,50,1,0.016,0.762,0.023,0.199
113,VCN3,50,3,0.966,0.005,0.022,0.006
114,INEM9,50,1,0.024,0.252,0.006,0.718
115,MSWD6,50,1,0.006,0.691,0.081,0.222
116,MSCS14,50,1,0.005,0.980,0.006,0.009
117,MSSM8,56,1,0.008,0.613,0.142,0.237
118,VCN27,50,3,0.984,0.004,0.006,0.006
119,ALCC8,50,1,0.008,0.916,0.011,0.065
120,MOKC7,50,3,0.979,0.005,0.009,0.007
121,INEM15,50,1,0.094,0.231,0.017,0.658
122,ALAC20,50,1,0.008,0.218,0.119,0.654
123,MOMA14,50,2,0.421,0.405,0.013,0.161
124,SCCC14,56,1,0.009,0.536,0.007,0.448
125,SCSF14,50,1,0.004,0.973,0.005,0.018
126,OHES7,50,3,0.937,0.015,0.028,0.020
127,ARGR18,50,1,0.006,0.718,0.013,0.263
128,COHA5,50,3,0.988,0.003,0.004,0.004
129,ARCC16,50,1,0.004,0.936,0.008,0.053
130,ILHE3,50,2,0.377,0.444,0.095,0.085
131,VCN4,56,3,0.975,0.008,0.006,0.011
132,INEM10,50,3,0.968,0.011,0.004,0.017
133,MSWD7,50,1,0.007,0.355,0.025,0.612
134,MSCS15,50,1,0.006,0.981,0.005,0.009
135,ILWB24,50,2,0.372,0.317,0.009,0.301
136,MSSM9,50,1,0.004,0.982,0.006,0.008
137,ALCC9,50,1,0.007,0.704,0.142,0.146
138,ILLG18,56,1,0.008,0.963,0.008,0.021
139,WB1,50,3,0.986,0.004,0.005,0.005
140,ALHR8,62,1,0.007,0.017,0.042,0.934
141,MOKC9,50,3,0.981,0.005,0.008,0.006
142,MOMA18,50,1,0.004,0.981,0.004,0.011
143,SCSF11,50,1,0.004,0.977,0.005,0.013
144,VARC4,50,3,0.971,0.008,0.013,0.008
145,SCSF15,50,1,0.005,0.981,0.005,0.009
146,OHES8,50,3,0.962,0.016,0.008,0.014
147,ARGR19,50,1,0.008,0.974,0.005,0.013
148,COHA6,50,3,0.981,0.006,0.004,0.008
149,ARWR20,50,1,0.006,0.698,0.013,0.283
150,ARCC17,56,1,0.019,0.936,0.007,0.038
151,ILHE4,56,3,0.893,0.082,0.006,0.019
152,INEM12,50,3,0.801,0.113,0.055,0.032
153,MSCS2,50,1,0.005,0.973,0.008,0.014
154,MSCS16,50,1,0.004,0.972,0.009,0.015
155,VCN21,50,3,0.974,0.005,0.013,0.008
156,ILWB27,50,1,0.009,0.014,0.006,0.971
157,MSSM16,50,1,0.004,0.980,0.010,0.006
158,VCN29,50,3,0.984,0.004,0.006,0.006
159,ALCC10,50,1,0.004,0.983,0.004,0.009
160,ILLG19,50,1,0.005,0.769,0.015,0.211
161,ALHR9,50,1,0.011,0.435,0.010,0.543
162,MOKC10,50,3,0.765,0.186,0.010,0.038
163,MOMA19,50,1,0.046,0.276,0.008,0.669
164,SCSF17,50,1,0.004,0.984,0.005,0.007
165,VARC5,50,3,0.986,0.004,0.005,0.005
166,SCSF16,50,1,0.004,0.982,0.005,0.008
167,ARWR5,56,1,0.009,0.888,0.008,0.094
168,ARWR7,56,1,0.038,0.930,0.011,0.021
169,ILHE1,62,2,0.557,0.378,0.021,0.044
170,ILLG16,56,1,0.016,0.800,0.012,0.173
171,ARWR14,62,1,0.010,0.978,0.006,0.007
172,PPP1,43,5,0.004,0.005,0.984,0.007
173,TXFW1,43,4,0.007,0.012,0.015,0.966
174,PPP9,25,5,0.003,0.003,0.989,0.005
175,PPP17,25,5,0.004,0.003,0.989,0.004
176,MIWA1,25,5,0.004,0.003,0.988,0.005
177,PPP25,25,5,0.003,0.003,0.989,0.005
178,GC5,25,5,0.004,0.003,0.989,0.005
179,PPP33,25,5,0.003,0.003,0.989,0.004
180,KYHR10,25,6,0.007,0.965,0.006,0.021
181,ILGG5,25,6,0.005,0.005,0.009,0.981
182,PASH5,25,5,0.312,0.004,0.668,0.016
183,VAWR6,25,6,0.004,0.010,0.010,0.976
184,Landsdale1A,25,5,0.074,0.042,0.594,0.291
185,MOGR1,25,6,0.005,0.018,0.004,0.973
186,SCCC1,34,6,0.043,0.015,0.007,0.936
187,ID-ID3,25,6,0.006,0.074,0.004,0.916
188,MOSJ1,25,6,0.005,0.186,0.012,0.797
189,PPP2,43,5,0.005,0.004,0.984,0.007
190,PPP10,43,5,0.005,0.005,0.984,0.007
191,PPP18,34,5,0.005,0.004,0.984,0.007
192,MIWA2,25,5,0.004,0.003,0.988,0.005
193,PPP26,25,5,0.004,0.003,0.989,0.004
194,GC6,34,5,0.004,0.003,0.988,0.005
195,PPP34,25,5,0.003,0.003,0.989,0.004
196,KYHR11,25,6,0.005,0.014,0.028,0.953
197,ILGG6,25,6,0.005,0.006,0.007,0.982
198,PASH6,25,5,0.312,0.004,0.665,0.019
199,ILWB13,25,6,0.005,0.904,0.005,0.086
200,Landsdale1B,34,5,0.069,0.036,0.624,0.271
201,Tws16-7,25,6,0.009,0.384,0.026,0.581
202,WB4,25,5,0.009,0.108,0.790,0.092
203,ALAC14,34,6,0.012,0.005,0.008,0.975
204,MOGR5,25,6,0.004,0.020,0.005,0.971
205,SCCC2,43,6,0.042,0.018,0.006,0.933
206,ID-ID4,25,6,0.005,0.071,0.005,0.919
207,PPP3,25,5,0.004,0.003,0.989,0.004
208,MOCC3,25,6,0.349,0.007,0.022,0.622
209,PPP11,25,5,0.004,0.003,0.989,0.005
210,OHCQ3,25,5,0.005,0.003,0.987,0.005
211,PPP19,25,5,0.003,0.003,0.989,0.005
212,MIWA4,25,5,0.004,0.003,0.989,0.005
213,PPP27,25,5,0.004,0.003,0.989,0.004
214,GC8,25,5,0.003,0.003,0.989,0.005
215,PPP35,25,5,0.004,0.003,0.989,0.005
216,KYHR12,25,6,0.053,0.034,0.166,0.746
217,VCN8,34,5,0.006,0.005,0.982,0.007
218,ILGG7,25,6,0.006,0.006,0.009,0.980
219,PASH7,25,5,0.318,0.004,0.662,0.016
220,VAWR11,34,6,0.005,0.016,0.011,0.968
221,Landsdale1C,25,5,0.080,0.041,0.588,0.290
222,PtA1A,25,5,0.376,0.009,0.598,0.017
223,ALAC16,25,6,0.010,0.006,0.011,0.973
224,WB13,25,5,0.005,0.003,0.986,0.005
225,SCCC3,25,6,0.059,0.014,0.006,0.921
226,ID-ID5,25,6,0.006,0.063,0.005,0.927
227,MOSJ12,25,6,0.004,0.098,0.060,0.838
228,PPP4,25,5,0.004,0.003,0.988,0.005
229,MOCC4,25,6,0.005,0.107,0.103,0.785
230,PPP12,25,5,0.003,0.003,0.989,0.004
231,TXFW13,25,4,0.004,0.907,0.011,0.078
232,PPP20,25,5,0.003,0.003,0.989,0.004
233,MIWA6,25,5,0.003,0.003,0.989,0.005
234,PPP28,25,5,0.004,0.003,0.989,0.004
235,KYHR4,25,6,0.051,0.033,0.181,0.735
236,KYHR13,25,6,0.008,0.962,0.007,0.024
237,VCN9,43,5,0.006,0.006,0.978,0.009
238,ILGG9,25,6,0.006,0.005,0.009,0.980
239,PASH8,43,5,0.183,0.022,0.082,0.713
240,ILWB16,25,6,0.005,0.972,0.004,0.019
241,VAWR12,25,6,0.004,0.009,0.009,0.979
242,WB6,25,5,0.004,0.004,0.987,0.006
243,ALAC17,43,6,0.006,0.006,0.013,0.974
244,MOGR7,34,6,0.004,0.035,0.005,0.956
245,WB14,25,5,0.005,0.003,0.987,0.005
246,ID-ID6,25,6,0.005,0.066,0.005,0.924
247,MOSJ13,25,6,0.005,0.110,0.065,0.821
248,PPP5,25,5,0.003,0.003,0.989,0.005
249,TXFW5,25,4,0.006,0.080,0.010,0.905
250,MOCC5,25,6,0.006,0.100,0.105,0.789
251,PPP13,43,5,0.005,0.005,0.984,0.007
252,OHCQ5,25,5,0.005,0.004,0.987,0.005
253,MIWA8,25,5,0.004,0.003,0.989,0.005
254,PPP29,25,5,0.004,0.003,0.989,0.004
255,VCN2,25,5,0.005,0.003,0.987,0.005
256,KYHR14,25,6,0.045,0.023,0.178,0.754
257,ILGG12,25,6,0.006,0.006,0.009,0.979
258,PASH9,25,5,0.311,0.004,0.666,0.019
259,VAWR14,25,6,0.013,0.016,0.020,0.951
260,ALHR6,43,6,0.007,0.011,0.006,0.977
261,WB7,34,5,0.005,0.005,0.985,0.006
262,WB15,25,5,0.005,0.003,0.987,0.004
263,MOSJ16,25,6,0.005,0.175,0.012,0.809
264,PPP6,43,5,0.005,0.005,0.983,0.007
265,MOCC6,25,6,0.008,0.036,0.004,0.951
266,PPP14,25,5,0.003,0.003,0.989,0.005
267,OHCQ6,25,5,0.005,0.003,0.987,0.005
268,PPP22,25,5,0.004,0.003,0.989,0.005
269,MIWA9,25,5,0.004,0.003,0.989,0.005
270,GC2,25,5,0.003,0.003,0.989,0.005
271,PPP30,34,5,0.004,0.003,0.988,0.005
272,ILHE2,25,6,0.006,0.005,0.009,0.980
273,KYHR6,25,6,0.005,0.013,0.026,0.956
274,PASH2,34,5,0.311,0.005,0.670,0.014
275,VCN11,34,5,0.007,0.004,0.982,0.008
276,ILGG18,25,6,0.005,0.006,0.008,0.981
277,PASH10,25,5,0.310,0.004,0.671,0.015
278,ILWB23,25,6,0.005,0.901,0.005,0.089
279,VAWR15,25,6,0.006,0.009,0.027,0.959
280,PABE1,25,5,0.056,0.013,0.691,0.239
281,ALHR7,25,6,0.005,0.011,0.006,0.978
282,WB8,34,5,0.007,0.005,0.983,0.006
283,MOGR18,25,6,0.004,0.015,0.005,0.976
284,MOSJ6,34,6,0.004,0.014,0.006,0.975
285,WB16,25,5,0.005,0.003,0.987,0.005
286,MOSJ18,34,6,0.008,0.212,0.016,0.764
287,MOCC7,25,6,0.172,0.067,0.072,0.689
288,PPP15,43,5,0.005,0.005,0.983,0.007
289,OHCQ15,25,5,0.005,0.004,0.987,0.005
290,PPP23,43,5,0.006,0.004,0.984,0.006
291,MIWA10,25,5,0.004,0.003,0.989,0.005
292,GC3,25,5,0.003,0.003,0.989,0.004
293,PPP31,25,5,0.003,0.003,0.989,0.004
294,KYHR8,25,6,0.005,0.015,0.029,0.951
295,PASH3,25,5,0.312,0.004,0.668,0.016
296,VCN12,25,5,0.005,0.003,0.988,0.004
297,ILGG19,25,6,0.005,0.005,0.008,0.981
298,VAWR16,25,6,0.022,0.006,0.012,0.960
299,PABE2,25,5,0.013,0.004,0.971,0.012
300,ALAC21,43,6,0.007,0.007,0.010,0.976
301,MOGR20,25,6,0.005,0.018,0.004,0.973
302,WB17,25,5,0.005,0.004,0.987,0.005
303,SCCC8,25,6,0.055,0.012,0.007,0.926
304,MOSJ19,25,6,0.020,0.490,0.074,0.416
305,PPP8,25,5,0.004,0.003,0.988,0.005
306,MOCC8,25,6,0.017,0.822,0.033,0.128
307,PPP16,43,5,0.004,0.005,0.984,0.007
308,OHCQ19,25,5,0.005,0.004,0.987,0.004
309,MIWA11,25,5,0.003,0.003,0.989,0.004
310,GC4,25,5,0.004,0.003,0.989,0.004
311,PPP32,34,5,0.004,0.003,0.988,0.005
312,KYHR9,25,6,0.005,0.014,0.027,0.955
313,VCN5,25,5,0.005,0.003,0.987,0.004
314,PASH4,25,5,0.313,0.004,0.667,0.015
315,VCN13,43,5,0.007,0.004,0.983,0.006
316,ILGG20,25,6,0.006,0.005,0.009,0.980
317,VAWR5,25,6,0.004,0.010,0.010,0.976
318,VAWR17,25,6,0.004,0.009,0.010,0.976
319,ILWB2,25,6,0.006,0.901,0.005,0.088
320,WB10,25,5,0.005,0.004,0.987,0.005
321,ALAC22,25,6,0.011,0.005,0.011,0.974
322,MOGR21,25,6,0.005,0.018,0.005,0.973
323,ARCC4,34,6,0.052,0.070,0.095,0.784
324,ID-ID2,25,6,0.005,0.065,0.005,0.926
325,SCCC9,43,6,0.019,0.018,0.004,0.958
326,MOSJ20,25,6,0.488,0.005,0.275,0.232
327,VCN22,43,5,0.008,0.007,0.979,0.007
328,OHCQ4,34,5,0.007,0.005,0.982,0.006
329,VCN19,34,5,0.007,0.004,0.983,0.006
330,ILGG2,43,6,0.015,0.015,0.012,0.958
331,MOSJ11,0,7,0.029,0.028,0.038,0.905
332,SCCC5,25,7,0.071,0.083,0.004,0.841
